41 467 -334 0 467 169 -224 -478 -334 -224 -358 -462 0 -478 -462 -464 
205 145 281 327 145 461 491 495 281 491 -442 327 327 495 327 -436 
391 -104 -402 153 -104 -292 -382 421 -402 -382 -216 -218 153 421 -218 395 
447 -226 271 -38 -226 369 -412 167 271 -412 299 35 -38 167 35 -394 
203 311 -322 333 311 173 -164 141 -322 -164 211 253 333 141 253 -368 
47 -144 -162 257 -144 37 359 223 -162 359 241 29 257 223 29 -278 
-316 35 -190 -342 35 -288 -106 -40 -190 -106 -442 -264 -342 -40 -264 -148 
-446 305 -390 229 305 -370 -350 -6 -390 -350 101 393 229 -6 393 -48 
129 123 -84 -454 123 -256 -340 -466 -84 -340 -376 431 -454 -466 431 -308 
-444 439 -126 323 439 37 -38 -118 -126 -38 -82 429 323 -118 429 41 
333 115 139 -158 115 -204 -430 477 139 -430 -306 173 -158 477 173 -386 
21 245 -424 -72 245 -270 329 277 -424 329 73 97 -72 277 97 -12 
-486 -290 161 -136 -290 355 267 155 161 267 -74 31 -136 155 31 -52 
-350 -150 441 -224 -150 -466 -430 107 441 -430 191 7 -224 107 7 337 
457 287 253 383 287 445 409 209 253 409 -258 221 383 209 221 -88 
-422 -446 -6 -30 -446 413 -168 -400 -6 -168 91 -262 -30 -400 -262 155 
-410 359 -124 37 359 -48 483 95 -124 483 41 -102 37 95 -102 -350 
291 -336 -374 -20 -336 -96 21 -348 -374 21 199 -168 -20 -348 -168 -484 
281 -234 53 499 -234 -418 -438 -400 53 -438 -288 127 499 -400 127 467 
-228 393 -148 483 393 307 421 -310 -148 421 117 313 483 -310 313 -14 
309 -116 435 451 -116 -100 249 19 435 249 -56 -298 451 19 -298 303 
-224 -8 -344 109 -8 489 -202 195 -344 -202 485 93 109 195 93 343 
23 87 -314 3 87 -448 -200 -458 -314 -200 -118 -80 3 -458 -80 -296 
-298 281 89 -298 281 9 157 -472 89 157 -122 -38 -298 -472 -38 -292 
-38 179 -190 157 179 -458 191 315 -190 191 -388 -156 157 315 -156 11 
-202 -134 -272 55 -134 -328 -146 -362 -272 -146 -386 375 55 -362 375 433 
369 -142 -344 -416 -142 381 -498 -322 -344 -498 151 21 -416 -322 21 199 
57 -476 -392 389 -476 75 -212 -100 -392 -212 -10 3 389 -100 3 369 
361 -188 401 289 -188 255 423 -2 401 423 85 -182 289 -2 -182 285 
-88 -426 117 257 -426 -332 -432 169 117 -432 -154 221 257 169 221 189 
-476 329 -368 -192 329 425 55 -434 -368 55 49 441 -192 -434 441 -12 
145 -60 -218 253 -60 139 423 279 -218 423 -496 187 253 279 187 29 
49 437 -366 449 437 193 195 297 -366 195 -416 -286 449 297 -286 105 
-488 -282 455 -234 -282 -114 201 -316 455 201 171 -286 -234 -316 -286 263 
313 355 185 53 355 -412 -308 -332 185 -308 445 313 53 -332 313 -256 
321 -58 -146 -482 -58 481 -144 -196 -146 -144 -222 129 -482 -196 129 161 
35 -450 173 -466 -450 -44 159 -292 173 159 439 253 -466 -292 253 -24 
-154 -10 245 149 -10 -186 313 -474 245 313 -22 -168 149 -474 -168 -18 
287 405 -458 391 405 -202 125 477 -458 125 -414 -314 391 477 -314 -324 
-334 -374 -372 159 -374 333 -70 487 -372 -70 297 -18 159 487 -18 177 
273 -270 263 -168 -270 -192 485 -102 263 485 -480 213 -168 -102 213 127 
-302 99 27 125 99 43 -424 23 27 -424 -472 61 125 23 61 181 
3 -432 5 93 -432 225 31 -492 5 31 -142 -222 93 -492 -222 -286 
-64 -400 187 -360 -400 413 -474 -270 187 -474 -170 235 -360 -270 235 333 
211 -260 -396 167 -260 285 -50 -140 -396 -50 -194 195 167 -140 195 -124 
19 125 -76 -194 125 -158 -302 371 -76 -302 -466 -178 -194 371 -178 93 
351 -484 -18 -464 -484 119 -152 -300 -18 -152 87 -60 -464 -300 -60 -426 
-10 257 -170 315 257 -76 227 43 -170 227 -258 -164 315 43 -164 109 
-382 -86 65 487 -86 77 -474 125 65 -474 127 129 487 125 129 -428 
423 -20 -402 -462 -20 123 -96 237 -402 -96 261 195 -462 237 195 25 
-264 -260 -202 -116 -260 -30 -326 11 -202 -326 271 411 -116 11 411 47 
153 -20 -290 -424 -20 -188 263 -440 -290 263 351 -162 -424 -440 -162 329 
-400 213 -458 -78 213 365 7 477 -458 7 -200 -58 -78 477 -58 439 
303 -260 357 -324 -260 477 -108 113 357 -108 387 301 -324 113 301 -350 
-460 -428 493 -384 -428 405 -40 111 493 -40 -204 335 -384 111 335 -356 
-72 -350 323 485 -350 -56 -216 -126 323 -216 357 -26 485 -126 -26 357 
337 271 369 361 271 -396 -22 117 369 -22 -112 217 361 117 217 -196 
85 41 423 129 41 229 65 59 423 65 -432 -296 129 59 -296 355 
53 -462 -84 -234 -462 -154 -472 457 -84 -472 369 -32 -234 457 -32 463 
107 483 411 135 483 67 -348 175 411 -348 -438 223 135 175 223 -142 
-254 11 241 175 11 459 325 221 241 325 -370 -126 175 221 -126 -434 
205 283 -350 -398 283 279 201 193 -350 201 -234 137 -398 193 137 -34 
-56 493 -176 205 493 -462 -48 381 -176 -48 -300 413 205 381 413 141 
355 355 -142 -462 355 111 377 -424 -142 377 -178 -252 -462 -424 -252 443 
-296 173 -40 313 173 375 -72 -318 -40 -72 -110 17 313 -318 17 -432 
-112 195 169 331 195 -40 -488 185 169 -488 -90 497 331 185 497 89 
-490 145 353 -314 145 151 -240 -44 353 -240 -258 335 -314 -44 335 259 
-192 105 -264 181 105 3 329 275 -264 329 -108 -292 181 275 -292 497 
49 -56 61 127 -56 467 41 129 61 41 -240 313 127 129 313 -174 
101 77 215 183 77 213 -492 -324 215 -492 101 -392 183 -324 -392 259 
-170 -428 27 -84 -428 75 -286 -498 27 -286 -470 287 -84 -498 287 347 
-104 3 221 163 3 -206 363 -10 221 363 171 489 163 -10 489 -240 
-164 -42 119 413 -42 91 -204 -318 119 -204 -232 -250 413 -318 -250 205 
475 39 303 -422 39 -98 247 -84 303 247 -148 471 -422 -84 471 -364 
413 75 45 -212 75 -46 -178 269 45 -178 -262 19 -212 269 19 485 
289 -444 365 -40 -444 245 -8 -318 365 -8 -370 101 -40 -318 101 323 
-132 -472 -152 87 -472 -70 263 401 -152 263 103 423 87 401 423 27 
-100 469 15 65 469 -28 43 347 15 43 -88 443 65 347 443 137 
409 463 49 181 463 -88 -342 -108 49 -342 -60 221 181 -108 221 -258 
-454 -388 -146 -190 -388 449 343 -430 -146 343 -120 -248 -190 -430 -248 67 
-36 283 35 -226 283 185 -38 353 35 -38 129 -224 -226 353 -224 -248 
423 359 257 -266 359 -444 455 -318 257 455 -226 411 -266 -318 411 25 
355 1 49 -496 1 -84 15 -464 49 15 -342 75 -496 -464 75 413 
-142 -196 -448 -72 -196 -426 -106 173 -448 -106 429 -404 -72 173 -404 205 
-126 -312 375 93 -312 65 -36 -236 375 -36 141 -314 93 -236 -314 -494 
-256 -152 -436 -338 -152 -482 355 15 -436 355 131 -230 -338 15 -230 341 
125 11 137 -186 11 -190 -150 -162 137 -150 -134 393 -186 -162 393 353 
-416 -452 -8 -262 -452 233 -454 303 -8 -454 -134 303 -262 303 303 -256 
-148 -124 317 213 -124 109 -28 -200 317 -28 -80 -318 213 -200 -318 -358 
-50 155 361 -264 155 403 -176 143 361 -176 409 -402 -264 143 -402 61 
489 -448 -282 153 -448 -174 -220 -402 -282 -220 423 331 153 -402 331 369 
-378 259 -8 119 259 471 3 445 -8 3 281 -4 119 445 -4 -392 
185 313 -198 89 313 -222 -438 37 -198 -438 -410 461 89 37 461 -234 
-8 461 459 493 461 15 269 437 459 269 369 -58 493 437 -58 -200 
471 -264 117 215 -264 55 315 -330 117 315 39 -212 215 -330 -212 -288 
-82 -454 85 -210 -454 -484 -274 -380 85 -274 315 451 -210 -380 451 41 
115 179 -110 -398 179 73 -288 477 -110 -288 -132 -456 -398 477 -456 189 
113 -8 441 -290 -8 223 363 -28 441 363 -184 -278 -290 -28 -278 -200 
71 385 -474 71 385 333 367 153 -474 367 295 -168 71 153 -168 325 
-176 129 -150 -98 129 309 193 -186 -150 193 -80 -116 -98 -186 -116 249 
167 -28 179 -364 -28 421 405 -326 179 405 -316 -16 -364 -326 -16 -226 
-166 87 181 -464 87 -340 -186 21 181 -186 -162 221 -464 21 221 -64 
309 415 -402 373 415 -124 441 245 -402 441 -262 423 373 245 423 31 
-306 -268 -318 -102 -268 407 307 481 -318 307 -12 -136 -102 481 -136 -130 
-114 309 -84 -56 309 -290 293 -496 -84 293 -152 -54 -56 -496 -54 345 
-208 -248 491 -212 -248 131 -114 439 491 -114 -458 -222 -212 439 -222 -204 
495 -52 269 479 -52 -238 423 -418 269 423 -366 159 479 -418 159 -498 
-486 -196 -462 133 -196 -158 -22 -146 -462 -22 -392 37 133 -146 37 425 
147 -458 -102 307 -458 -98 -330 -292 -102 -330 -100 -278 307 -292 -278 299 
-352 -448 -382 -40 -448 315 75 -262 -382 75 67 -336 -40 -262 -336 397 
-418 397 -328 351 397 -316 -230 449 -328 -230 425 -158 351 449 -158 229 
-20 -440 -60 147 -440 -162 155 175 -60 155 -292 361 147 175 361 -254 
-398 -146 -214 -446 -146 -188 69 -138 -214 69 163 75 -446 -138 75 15 
21 475 115 -28 475 -234 -70 405 115 -70 -464 57 -28 405 57 -462 
161 -24 49 469 -24 -330 423 -350 49 423 333 425 469 -350 425 -410 
237 -336 337 -278 -336 393 -136 -214 337 -136 -164 91 -278 -214 91 449 
135 5 337 -4 5 337 123 -164 337 123 -470 -108 -4 -164 -108 -68 
281 85 -152 373 85 -152 -194 -376 -152 -194 -326 -396 373 -376 -396 -72 
249 -140 -174 319 -140 443 111 441 -174 111 289 419 319 441 419 65 
305 85 -216 -450 85 115 109 -64 -216 109 -166 393 -450 -64 393 -74 
9 -300 195 73 -300 89 161 -172 195 161 -468 -358 73 -172 -358 31 
-268 -426 -10 -422 -426 -274 279 -410 -10 279 -52 -182 -422 -410 -182 391 
495 -264 -374 -364 -264 -402 255 -460 -374 255 -474 -472 -364 -460 -472 321 
-122 47 77 289 47 105 195 -94 77 195 -450 343 289 -94 343 -254 
481 -12 -172 439 -12 -428 -412 -262 -172 -412 467 -408 439 -262 -408 415 
-408 223 259 -434 223 -204 -486 319 259 -486 -458 445 -434 319 445 -306 
-166 -200 367 -192 -200 287 -32 -56 367 -32 -474 447 -192 -56 447 21 
283 -222 331 -376 -222 83 -448 223 331 -448 -482 -18 -376 223 -18 -276 
-220 111 -182 -356 111 -490 425 -324 -182 425 -486 177 -356 -324 177 469 
143 -34 177 -168 -34 -68 491 -196 177 491 283 -328 -168 -196 -328 227 
-426 371 197 -112 371 203 27 -408 197 27 45 -8 -112 -408 -8 185 
-238 237 443 313 237 1 -350 -128 443 -350 111 -150 313 -128 -150 149 
-192 -454 369 181 -454 465 267 213 369 267 293 -134 181 213 -134 -472 
-472 -330 401 -442 -330 177 377 -270 401 377 -202 -364 -442 -270 -364 381 
-90 323 237 23 323 179 95 169 237 95 327 -42 23 169 -42 -310 
-182 -58 -426 487 -58 -170 -28 151 -426 -28 -258 213 487 151 213 -360 
283 -286 -242 -110 -286 -472 -128 -434 -242 -128 341 -218 -110 -434 -218 3 
367 365 -438 381 365 257 -250 -114 -438 -250 -98 -458 381 -114 -458 161 
63 -256 307 -278 -256 489 435 365 307 435 75 -86 -278 365 -86 -386 
333 -360 -330 -48 -360 -428 -492 433 -330 -492 -340 -266 -48 433 -266 235 
-310 99 337 -392 99 -482 -328 -352 337 -328 369 -244 -392 -352 -244 -294 
-108 -252 147 -432 -252 35 -208 -264 147 -208 497 243 -432 -264 243 149 
15 341 189 -100 341 -312 -148 23 189 -148 351 -474 -100 23 -474 133 
391 -200 -354 -490 -200 197 419 -280 -354 419 -78 431 -490 -280 431 -44 
-340 487 399 25 487 483 -38 -492 399 -38 193 -252 25 -492 -252 11 
-60 -334 -340 497 -334 285 29 -40 -340 29 305 291 497 -40 291 -392 
-210 49 -78 479 49 471 277 73 -78 277 193 -120 479 73 -120 497 
-326 -276 -290 -82 -276 -78 159 -418 -290 159 489 159 -82 -418 159 449 
-424 -72 -380 -8 -72 467 -208 477 -380 -208 3 -370 -8 477 -370 107 
-196 -74 -222 111 -74 19 261 -56 -222 261 -390 163 111 -56 163 183 
-216 -432 -452 241 -432 -454 313 -362 -452 313 -396 -460 241 -362 -460 115 
-404 99 -136 -180 99 -198 -32 387 -136 -32 -84 -240 -180 387 -240 17 
-6 -170 241 -382 -170 249 23 -258 241 23 105 121 -382 -258 121 95 
-296 -416 -178 -178 -416 79 -58 77 -178 -58 -250 7 -178 77 7 229 
81 495 -178 -176 495 253 399 -284 -178 399 65 93 -176 -284 93 -108 
-172 243 429 -14 243 -168 55 191 429 55 473 -422 -14 191 -422 -248 
151 -486 -144 -446 -486 77 17 129 -144 17 -416 -374 -446 129 -374 291 
469 -412 -146 193 -412 91 315 449 -146 315 357 -140 193 449 -140 -52 
-236 51 487 -226 51 -162 455 183 487 455 -394 -180 -226 183 -180 97 
65 65 13 261 65 -78 -78 -378 13 -78 -140 111 261 -378 111 447 
445 -170 475 489 -170 -250 149 333 475 149 365 -214 489 333 -214 -282 
7 -432 -396 367 -432 -22 -382 -310 -396 -382 141 231 367 -310 231 187 
205 479 321 -38 479 351 447 -208 321 447 -146 -276 -38 -208 -276 259 
189 -422 -166 -486 -422 455 -28 -114 -166 -28 -360 253 -486 -114 253 277 
-348 3 361 431 3 -82 455 197 361 455 -106 -252 431 197 -252 321 
-296 281 21 455 281 447 -124 -318 21 -124 135 -376 455 -318 -376 -274 
359 -498 -74 253 -498 -422 135 143 -74 135 -388 153 253 143 153 -232 
247 -180 -426 -178 -180 -450 301 461 -426 301 199 355 -178 461 355 363 
-216 73 61 245 73 473 -274 -50 61 -274 353 181 245 -50 181 287 
199 -110 143 465 -110 -172 29 481 143 29 -112 -476 465 481 -476 381 
247 -390 171 305 -390 -372 -32 489 171 -32 -320 165 305 489 165 431 
-158 293 -206 -78 293 -448 -206 171 -206 -206 -166 -396 -78 171 -396 197 
-20 -194 29 -288 -194 109 -484 469 29 -484 -478 117 -288 469 117 15 
-126 -184 -168 -406 -184 -428 97 -118 -168 97 -390 199 -406 -118 199 285 
-486 199 -420 -210 199 271 313 415 -420 313 85 -318 -210 415 -318 -80 
331 267 387 -444 267 -186 7 -360 387 7 327 -74 -444 -360 -74 431 
-152 271 -268 193 271 385 337 311 -268 337 -104 177 193 311 177 -406 
-268 -22 413 0 -22 -42 37 -38 413 37 -388 355 0 -38 355 289 
147 181 93 -84 181 487 261 493 93 261 217 1 -84 493 1 -482 
447 165 253 -104 165 -84 95 25 253 95 221 -464 -104 25 -464 281 
-372 -106 -156 343 -106 93 -80 -80 -156 -80 -368 411 343 -80 411 213 
-468 251 -216 79 251 -268 -40 31 -216 -40 433 279 79 31 279 163 
259 153 -436 95 153 365 -374 -220 -436 -374 335 -180 95 -220 -180 -476 
455 225 71 -308 225 59 -156 -102 71 -156 -332 405 -308 -102 405 -440 
375 -62 385 -462 -62 -80 -336 297 385 -336 -202 -8 -462 297 -8 -80 
-340 -76 -58 493 -76 -240 -46 -474 -58 -46 273 97 493 -474 97 -380 
335 -72 -400 207 -72 455 -166 141 -400 -166 -88 481 207 141 481 -168 
315 -396 225 9 -396 -12 -136 455 225 -136 -262 43 9 455 43 -242 
21 -422 -12 -248 -422 -18 -368 217 -12 -368 -214 -150 -248 217 -150 -290 
335 259 169 395 259 303 -140 479 169 -140 199 105 395 479 105 291 
161 181 -152 253 181 33 29 487 -152 29 -42 253 253 487 253 83 
-420 -314 -218 -244 -314 63 229 -152 -218 229 -364 269 -244 -152 269 -470 
5 47 -94 487 47 -326 -276 323 -94 -276 -40 179 487 323 179 -490 
-88 -210 271 445 -210 221 -470 183 271 -470 89 455 445 183 455 -478 
279 -6 -262 135 -6 487 -196 33 -262 -196 -88 435 135 33 435 279 
493 -290 -462 465 -290 1 105 307 -462 105 67 169 465 307 169 -134 
171 457 -498 45 457 97 -218 -338 -498 -218 -344 -372 45 -338 -372 63 
-28 -264 301 223 -264 -490 -104 101 301 -104 227 197 223 101 197 -192 
271 363 301 363 363 221 65 421 301 65 445 -110 363 421 -110 495 
241 -22 -312 151 -22 15 55 393 -312 55 -238 279 151 393 279 -382 
-108 -154 -322 207 -154 245 -338 -144 -322 -338 -290 339 207 -144 339 -154 
-104 123 225 -78 123 -224 481 -330 225 481 233 223 -78 -330 223 -94 
-130 -346 487 445 -346 305 -116 -250 487 -116 489 -338 445 -250 -338 463 
135 197 209 -130 197 -224 -408 237 209 -408 -474 -420 -130 237 -420 -372 
293 355 -234 61 355 -56 -106 -184 -234 -106 75 -382 61 -184 -382 119 
241 -432 -184 279 -432 279 283 167 -184 283 -336 125 279 167 125 -118 
237 -28 119 77 -28 237 91 -56 119 91 295 -60 77 -56 -60 401 
293 -432 -136 -80 -432 375 407 -184 -136 407 -74 219 -80 -184 219 -290 
-476 41 351 329 41 -290 -474 -72 351 -474 91 189 329 -72 189 287 
-490 239 393 53 239 63 181 403 393 181 5 -176 53 403 -176 479 
195 139 -468 -498 139 83 139 15 -468 139 121 493 -498 15 493 -326 
-222 -338 -328 81 -338 399 -478 391 -328 -478 23 443 81 391 443 -334 
243 349 -202 207 349 -2 141 187 -202 141 -346 391 207 187 391 137 
413 -400 -316 -190 -400 -162 435 -126 -316 435 -410 377 -190 -126 377 -382 
-260 189 205 -374 189 163 -222 195 205 -222 -66 -360 -374 195 -360 -38 
-88 311 245 467 311 425 367 189 245 367 -42 63 467 189 63 47 
-2 117 99 23 117 -226 203 -48 99 203 51 -70 23 -48 -70 -136 
-458 467 -456 405 467 31 -462 319 -456 -462 475 -56 405 319 -56 31 
495 -44 91 303 -44 -388 415 -450 91 415 319 -272 303 -450 -272 291 
383 133 275 -142 133 69 -300 -454 275 -300 -78 85 -142 -454 85 257 
333 393 -490 103 393 -250 233 -222 -490 233 271 111 103 -222 111 -490 
-338 141 -258 47 141 -352 -158 479 -258 -158 -302 183 47 479 183 -490 
-2 -68 -422 395 -68 135 -8 361 -422 -8 -242 -194 395 361 -194 199 
-188 -178 -42 357 -178 441 347 469 -42 347 345 -380 357 469 -380 413 
-464 -210 61 385 -210 73 -4 -462 61 -4 203 -102 385 -462 -102 69 
-154 29 -52 -74 29 149 -230 -244 -52 -230 -344 49 -74 -244 49 -118 
65 363 -52 273 363 -470 231 247 -52 231 11 369 273 247 369 -398 
-498 103 -352 179 103 53 43 -22 -352 43 -88 63 179 -22 63 -334 
-350 -22 -240 411 -22 -492 151 -80 -240 151 477 -116 411 -80 -116 -376 
-178 -220 115 -348 -220 -298 179 135 115 179 357 383 -348 135 383 -162 
-402 -262 -420 -270 -262 -22 273 341 -420 273 -186 -388 -270 341 -388 417 
217 -392 -198 267 -392 249 65 389 -198 65 -432 119 267 389 119 81 
3 -130 -28 131 -130 89 -152 -130 -28 -152 -172 -364 131 -130 -364 407 
295 -428 181 -490 -428 -110 177 71 181 177 -236 459 -490 71 459 143 
-340 133 37 393 133 -130 -274 493 37 -274 -282 203 393 493 203 461 
-290 -162 307 497 -162 151 423 -390 307 423 217 -140 497 -390 -140 203 
-66 383 161 159 383 245 -386 151 161 -386 265 101 159 151 101 -340 
209 497 283 -250 497 -58 421 175 283 421 81 287 -250 175 287 271 
287 499 -4 479 499 -138 -200 -30 -4 -200 461 -118 479 -30 -118 205 
-40 -328 459 -122 -328 -398 -260 -98 459 -260 435 481 -122 -98 481 -114 
67 493 -96 161 493 -246 -38 -170 -96 -38 -38 -476 161 -170 -476 55 
417 371 -260 -252 371 -258 433 255 -260 433 65 -226 -252 255 -226 401 
-34 259 393 -48 259 273 -292 193 393 -292 433 137 -48 193 137 103 
-190 211 -194 -168 211 127 -498 489 -194 -498 -248 379 -168 489 379 147 
149 431 169 375 431 -98 449 -436 169 449 99 123 375 -436 123 443 
231 -154 361 -434 -154 385 467 -316 361 467 393 -204 -434 -316 -204 -366 
453 -308 223 -184 -308 -292 167 -48 223 167 469 -430 -184 -48 -430 311 
-314 -90 427 243 -90 -104 99 -474 427 99 195 -6 243 -474 -6 -158 
89 -358 309 389 -358 447 -40 -318 309 -40 -364 475 389 -318 475 -26 
89 3 -66 -412 3 -340 -70 -176 -66 -70 395 141 -412 -176 141 -486 
151 109 187 83 109 85 -390 -250 187 -390 -186 255 83 -250 255 381 
-128 -2 277 -362 -2 -424 65 -372 277 65 -332 385 -362 -372 385 -428 
-146 389 -478 383 389 425 265 -260 -478 265 45 -278 383 -260 -278 321 
355 -20 427 273 -20 -134 251 175 427 251 -336 -334 273 175 -334 1 
237 -310 -474 -90 -310 -356 71 -80 -474 71 435 145 -90 -80 145 -282 
325 -218 73 -212 -218 37 -498 405 73 -498 -162 217 -212 405 217 -192 
39 47 -446 103 47 231 115 339 -446 115 -358 329 103 339 329 145 
-394 199 145 -272 199 175 -362 -72 145 -362 273 -480 -272 -72 -480 -238 
397 -42 -108 203 -42 277 125 -134 -108 125 401 -78 203 -134 -78 -382 
169 -236 -478 439 -236 -138 221 -426 -478 221 163 177 439 -426 177 75 
-224 481 -200 461 481 -362 -2 -448 -200 -2 95 -184 461 -448 -184 -16 
137 7 493 -284 7 -444 259 321 493 259 -58 143 -284 321 143 -168 
177 119 357 41 119 391 -264 123 357 -264 415 -72 41 123 -72 429 
341 215 115 -36 215 457 259 -200 115 259 -452 93 -36 -200 93 241 
329 -448 227 -298 -448 -224 -324 -274 227 -324 133 385 -298 -274 385 -38 
-170 -362 129 -84 -362 409 -378 423 129 -378 85 -400 -84 423 -400 -24 
193 105 -412 265 105 267 407 177 -412 407 -284 -204 265 177 -204 -290 
-334 391 121 85 391 -234 -190 -42 121 -190 -498 -86 85 -42 -86 -18 
121 -424 97 -376 -424 -254 169 -108 97 169 427 493 -376 -108 493 -68 
-366 -102 -438 -100 -102 319 -318 -290 -438 -318 -484 339 -100 -290 339 -56 
-308 -132 -478 -314 -132 287 239 -74 -478 239 -20 327 -314 -74 327 -54 
-488 441 -298 -142 441 -2 321 -104 -298 321 -446 -56 -142 -104 -56 9 
333 -208 261 33 -208 -186 -304 385 261 -304 -142 -342 33 385 -342 -260 
161 -120 343 -78 -120 187 113 63 343 113 91 -434 -78 63 -434 415 
-156 261 -12 411 261 459 251 -238 -12 251 -370 -124 411 -238 -124 7 
7 -84 451 101 -84 489 -458 441 451 -458 -290 13 101 441 13 -412 
355 -60 93 -472 -60 -402 -176 43 93 -176 373 -266 -472 43 -266 151 
275 -28 -32 261 -28 469 3 229 -32 3 107 -392 261 229 -392 451 
453 -392 -70 19 -392 -472 407 -494 -70 407 5 -440 19 -494 -440 383 
-262 409 107 -38 409 -360 471 171 107 471 -154 447 -38 171 447 -14 
23 229 489 -266 229 387 -256 -132 489 -256 -470 239 -266 -132 239 -166 
-22 283 -160 53 283 205 91 259 -160 91 -386 187 53 259 187 129 
-42 317 45 -356 317 -388 -452 -154 45 -452 -466 333 -356 -154 333 -260 
419 131 -238 267 131 -276 -98 -314 -238 -98 -320 53 267 -314 53 7 
469 -216 -222 -342 -216 7 463 -260 -222 463 447 293 -342 -260 293 -130 
217 43 -376 -314 43 -126 117 -334 -376 117 -120 171 -314 -334 171 -292 
-464 -154 -366 193 -154 -164 275 0 -366 275 -212 -100 193 0 -100 51 
-476 379 443 377 379 289 361 385 443 361 -272 -434 377 385 -434 -144 
61 63 -4 -446 63 -388 -308 157 -4 -308 -430 123 -446 157 123 -464 
-74 -346 337 481 -346 -318 111 -292 337 111 91 -332 481 -292 -332 123 
461 491 461 -330 491 -498 369 291 461 369 -400 179 -330 291 179 117 
317 -414 95 441 -414 -436 367 -28 95 367 453 409 441 -28 409 473 
481 3 69 -316 3 383 367 385 69 367 -402 -230 -316 385 -230 157 
181 67 -310 -366 67 187 171 477 -310 171 245 -264 -366 477 -264 -238 
171 47 115 -92 47 311 157 405 115 157 53 171 -92 405 171 -80 
-240 -30 175 -320 -30 -290 377 -498 175 377 -86 -104 -320 -498 -104 489 
131 -244 -388 -110 -244 -218 419 259 -388 419 427 109 -110 259 109 119 
479 -216 -300 -396 -216 353 -458 -330 -300 -458 93 -306 -396 -330 -306 349 
-354 -272 -160 -294 -272 -54 333 -146 -160 333 229 471 -294 -146 471 -428 
59 241 421 -188 241 -366 33 185 421 33 -270 329 -188 185 329 261 
-360 -208 -482 -162 -208 -6 -378 479 -482 -378 397 387 -162 479 387 -38 
469 283 -40 295 283 -266 133 9 -40 133 57 317 295 9 317 -134 
53 135 -258 93 135 343 193 -466 -258 193 451 -140 93 -466 -140 -94 
437 -174 -12 97 -174 51 195 317 -12 195 -492 -292 97 317 -292 237 
-30 113 -296 -210 113 389 -128 309 -296 -128 -286 -244 -210 309 -244 -340 
-182 69 -120 393 69 -292 -462 -214 -120 -462 27 307 393 -214 307 -194 
205 213 11 413 213 193 -164 203 11 -164 495 -262 413 203 -262 381 
-446 409 -48 -268 409 -124 11 -454 -48 11 235 127 -268 -454 127 133 
-240 -362 127 77 -362 317 -340 -142 127 -340 -100 -400 77 -142 -400 -58 
-476 -154 435 -430 -154 331 295 37 435 295 123 -422 -430 37 -422 427 
29 211 211 -254 211 -380 253 293 211 253 321 285 -254 293 285 -28 
443 0 55 171 0 -270 -452 375 55 -452 131 -140 171 375 -140 -434 
-40 -486 -334 -248 -486 39 265 -296 -334 265 -312 -262 -248 -296 -262 -52 
231 487 -464 57 487 -248 -56 -170 -464 -56 -450 -182 57 -170 -182 301 
293 99 -332 -44 99 331 75 -4 -332 75 -50 -26 -44 -4 -26 -66 
-238 301 123 343 301 441 -380 195 123 -380 -418 159 343 195 159 363 
-128 329 -88 -354 329 113 479 69 -88 479 -166 179 -354 69 179 77 
337 -402 115 -292 -402 223 -372 -448 115 -372 323 153 -292 -448 153 -448 
395 197 -8 -408 197 411 493 165 -8 493 281 -202 -408 165 -202 -110 
-328 -256 205 465 -256 23 269 215 205 269 253 305 465 215 305 -184 
-478 145 -340 333 145 285 -400 -468 -340 -400 -494 133 333 -468 133 385 
-348 281 -32 -256 281 -410 -372 -482 -32 -372 401 -306 -256 -482 -306 135 
-360 471 27 137 471 343 -268 233 27 -268 495 171 137 233 171 103 
-442 11 379 -34 11 -12 93 -30 379 93 161 -234 -34 -30 -234 -258 
-426 -406 191 443 -406 -188 227 219 191 227 -484 -224 443 219 -224 93 
435 -224 -94 -82 -224 367 127 5 -94 127 -146 -186 -82 5 -186 89 
-40 237 -350 259 237 -78 -456 177 -350 -456 403 -42 259 177 -42 -300 
311 225 143 95 225 -16 115 -304 143 115 -6 -368 95 -304 -368 141 
335 -198 325 313 -198 23 -312 -118 325 -312 457 -396 313 -118 -396 339 
-86 -94 -346 43 -94 -22 411 -280 -346 411 455 -358 43 -280 -358 347 
-370 -490 373 327 -490 413 -454 -396 373 -454 -472 -450 327 -396 -450 241 
141 -146 25 213 -146 -324 429 195 25 429 403 -94 213 195 -94 493 
67 187 -140 79 187 41 125 -34 -140 125 -360 0 79 -34 0 407 
121 -192 293 117 -192 217 403 443 293 403 393 139 117 443 139 11 
425 -28 -478 -248 -28 -350 -392 -444 -478 -392 -154 123 -248 -444 123 353 
-36 47 -346 -326 47 61 -404 -238 -346 -404 71 -386 -326 -238 -386 405 
299 -56 -228 267 -56 251 19 491 -228 19 -166 217 267 491 217 -346 
93 187 421 -412 187 367 299 -444 421 299 397 201 -412 -444 201 -328 
-442 -104 -268 -268 -104 141 -296 -262 -268 -296 -220 -244 -268 -262 -244 -418 
125 219 -84 -174 219 -484 459 149 -84 459 -14 195 -174 149 195 3 
-32 351 37 -314 351 363 151 219 37 151 -290 417 -314 219 417 183 
-418 -84 -252 -86 -84 269 -248 137 -252 -248 397 -424 -86 137 -424 -168 
27 -148 493 -382 -148 271 169 393 493 169 377 -14 -382 393 -14 -104 
-484 443 495 311 443 293 -392 -298 495 -392 -490 299 311 -298 299 -390 
493 -74 49 -274 -74 -314 173 69 49 173 -218 365 -274 69 365 333 
-238 411 -252 463 411 -8 149 -88 -252 149 245 231 463 -88 231 -420 
-106 271 -368 421 271 -258 157 147 -368 157 -482 -238 421 147 -238 -122 
223 -406 -206 189 -406 -156 345 351 -206 345 423 -118 189 351 -118 -50 
97 -336 91 -406 -336 -10 313 151 91 313 -380 -344 -406 151 -344 243 
241 245 -78 449 245 205 -14 285 -78 -14 227 -124 449 285 -124 -204 
-356 417 227 55 417 -102 -286 -468 227 -286 -198 479 55 -468 479 411 
489 -258 -490 275 -258 -410 -132 89 -490 -132 -296 -450 275 89 -450 -112 
-122 29 -172 -336 29 277 53 -476 -172 53 -170 85 -336 -476 85 -152 
251 397 251 1 397 435 193 -72 251 193 -416 -216 1 -72 -216 -328 
11 125 -338 -296 125 439 -44 -56 -338 -44 -326 -402 -296 -56 -402 -258 
-88 21 -86 -108 21 277 -128 479 -86 -128 447 49 -108 479 49 -280 
245 -128 -62 -426 -128 219 177 91 -62 177 47 285 -426 91 285 231 
-406 -184 -454 269 -184 209 -456 421 -454 -456 445 465 269 421 465 -16 
-360 497 335 -190 497 177 49 5 335 49 -386 -388 -190 5 -388 175 
143 377 -130 487 377 55 -482 253 -130 -482 0 -254 487 253 -254 289 
-488 215 -8 -310 215 -440 299 497 -8 299 207 -454 -310 497 -454 -304 
237 485 499 -292 485 113 -112 -182 499 -112 483 351 -292 -182 351 129 
137 33 -100 -364 33 183 357 -468 -100 357 -210 -468 -364 -468 -468 -208 
141 -232 437 -184 -232 499 201 369 437 201 83 -256 -184 369 -256 -192 
-140 87 -12 -310 87 -320 335 163 -12 335 115 397 -310 163 397 177 
-274 -134 53 33 -134 -378 -286 -124 53 -286 -234 75 33 -124 75 349 
-212 -484 -124 -292 -484 -4 -322 55 -124 -322 413 -462 -292 55 -462 473 
-84 -160 -122 53 -160 397 -322 -250 -122 -322 337 417 53 -250 417 -6 
431 197 5 -236 197 357 99 -290 5 99 -398 485 -236 -290 485 447 
-84 -92 225 -496 -92 355 -328 -338 225 -328 -342 -428 -496 -338 -428 295 
-242 37 -6 267 37 53 293 5 -6 293 -146 109 267 5 109 -424 
-354 465 239 -206 465 209 -492 499 239 -492 175 -36 -206 499 -36 61 
147 -118 13 227 -118 -212 -396 409 13 -396 341 -130 227 409 -130 -90 
-34 415 -286 23 415 -166 -344 -236 -286 -344 37 -416 23 -236 -416 393 
449 471 -344 277 471 285 -200 -90 -344 -200 285 325 277 -90 325 -118 
-168 -6 229 -8 -6 41 225 -36 229 225 -480 -216 -8 -36 -216 -470 
-384 247 -328 -436 247 -204 -200 23 -328 -200 -364 411 -436 23 411 -40 
-250 -4 483 -266 -4 141 -170 345 483 -170 -6 -88 -266 345 -88 -256 
107 -266 357 -178 -266 199 -174 155 357 -174 191 -490 -178 155 -490 -332 
-358 -496 417 -290 -496 467 207 -234 417 207 -246 -462 -290 -234 -462 -402 
239 -426 95 -406 -426 -314 -350 -86 95 -350 279 -276 -406 -86 -276 -322 
379 301 -312 -176 301 -164 357 -70 -312 357 -38 -312 -176 -70 -312 -144 
61 -180 -200 143 -180 -356 61 147 -200 61 439 -308 143 147 -308 -290 
-452 479 -118 419 479 7 -284 47 -118 -284 477 175 419 47 175 113 
209 371 -142 339 371 -336 121 1 -142 121 -34 129 339 1 129 -358 
-436 469 397 -4 469 -298 -202 105 397 -202 -238 -32 -4 105 -32 65 
-16 481 79 23 481 227 271 313 79 271 -382 -140 23 313 -140 -316 
-488 319 89 13 319 259 351 271 89 351 283 -364 13 271 -364 -38 
-12 -184 259 1 -184 -74 233 59 259 233 -214 149 1 59 149 95 
-22 41 -416 377 41 -52 65 391 -416 65 -138 -310 377 391 -310 467 
55 287 -224 -222 287 439 441 -148 -224 441 -304 -334 -222 -148 -334 -368 
441 -372 -168 -474 -372 -176 137 133 -168 137 241 245 -474 133 245 -18 
15 -474 -252 -346 -474 -456 -24 -466 -252 -24 81 -144 -346 -466 -144 -240 
-334 -296 -376 27 -296 205 -18 291 -376 -18 141 465 27 291 465 191 
471 259 -200 217 259 -16 443 -124 -200 443 -64 5 217 -124 5 157 
-2 -166 275 -46 -166 -132 289 -46 275 289 145 3 -46 -46 3 -152 
401 -326 153 -184 -326 149 -350 405 153 -350 -346 25 -184 405 25 -470 
-336 295 293 323 295 -32 -356 -396 293 -356 -210 -276 323 -396 -276 -192 
-50 -290 295 -352 -290 -350 315 -36 295 315 361 -260 -352 -36 -260 -484 
229 -34 -50 -82 -34 -306 -436 -84 -50 -436 -290 117 -82 -84 117 -182 
-66 -116 -388 425 -116 101 -110 -450 -388 -110 -482 121 425 -450 121 193 
-38 -254 93 395 -254 -280 -138 167 93 -138 -420 345 395 167 345 383 
365 -196 333 -390 -196 -132 189 339 333 189 183 317 -390 339 317 129 
253 179 113 -100 179 -252 145 361 113 145 151 -318 -100 361 -318 463 
313 407 -54 -476 407 117 211 429 -54 211 -264 -466 -476 429 -466 31 
-442 -198 -22 155 -198 87 257 -158 -22 257 -464 -262 155 -158 -262 -10 
-446 65 -380 165 65 -446 -40 297 -380 -40 -42 -464 165 297 -464 -194 
-84 -270 215 -200 -270 -206 -106 -302 215 -106 -196 333 -200 -302 333 111 
67 415 145 175 415 -354 -448 419 145 -448 79 -488 175 419 -488 321 
-92 97 197 9 97 -152 71 -158 197 71 -122 359 9 -158 359 497 
499 399 -120 -320 399 -36 -484 -412 -120 -484 415 453 -320 -412 453 485 
241 199 67 -208 199 -344 169 181 67 169 379 -108 -208 181 -108 207 
259 -206 349 75 -206 -26 -124 107 349 -124 -274 -384 75 107 -384 -128 
-46 145 481 -214 145 149 -168 -338 481 -168 307 293 -214 -338 293 -4 
105 197 217 455 197 141 343 133 217 343 97 179 455 133 179 -236 
55 133 -454 -430 133 -252 -404 279 -454 -404 -488 -370 -430 279 -370 -254 
-72 -176 201 415 -176 -86 231 -480 201 231 475 -260 415 -480 -260 -14 
-438 157 -490 -438 157 481 447 -242 -490 447 -118 -70 -438 -242 -70 131 
61 219 281 -490 219 333 -172 63 281 -172 -302 -2 -490 63 -2 -428 
221 -398 447 445 -398 -406 -222 -186 447 -222 -294 77 445 -186 77 -344 
183 47 -240 485 47 -464 223 337 -240 223 153 -168 485 337 -168 -130 
255 -466 -358 -12 -466 -156 -318 201 -358 -318 -142 -276 -12 201 -276 -6 
-202 -184 23 -270 -184 -312 -250 475 23 -250 311 -350 -270 475 -350 195 
-488 -20 101 183 -20 -298 -392 -348 101 -392 -284 245 183 -348 245 187 
-462 343 -258 359 343 371 -16 -172 -258 -16 -332 441 359 -172 441 183 
-88 15 -476 -16 15 -298 39 283 -476 39 205 497 -16 283 497 -146 
269 175 417 387 175 -20 -30 -442 417 -30 235 389 387 -442 389 373 
-480 73 277 -286 73 381 285 -22 277 285 345 479 -286 -22 479 85 
213 435 235 383 435 -186 -96 -148 235 -96 85 -252 383 -148 -252 21 
-260 -482 -136 -188 -482 419 -236 -292 -136 -236 65 -278 -188 -292 -278 -198 
-496 -386 11 -476 -386 47 121 -202 11 121 245 -202 -476 -202 -202 -64 
39 -72 257 -370 -72 -420 -154 359 257 -154 -80 -298 -370 359 -298 391 
-460 -10 91 367 -10 33 175 -136 91 175 499 275 367 -136 275 -290 
-376 -256 -272 203 -256 -86 467 15 -272 467 -42 495 203 15 495 -66 
-456 -186 437 -198 -186 -126 -364 85 437 -364 165 -408 -198 85 -408 -340 
-360 -314 -154 -12 -314 -252 -338 -206 -154 -338 25 -130 -12 -206 -130 249 
179 79 313 -338 79 17 421 145 313 421 491 469 -338 145 469 339 
-308 65 -262 473 65 181 -470 147 -262 -470 53 -208 473 147 -208 -8 
215 429 -66 189 429 163 271 41 -66 271 259 131 189 41 131 -72 
-14 -466 -488 -170 -466 -168 199 155 -488 199 -350 -444 -170 155 -444 -436 
-278 -406 427 313 -406 23 371 327 427 371 73 461 313 327 461 173 
-434 -102 87 417 -102 463 153 -126 87 153 95 495 417 -126 495 213 
-406 -370 359 305 -370 -496 333 223 359 333 -352 379 305 223 379 19 
-126 293 85 465 293 371 -444 107 85 -444 271 87 465 107 87 99 
19 -96 215 -52 -96 -492 253 257 215 253 -90 459 -52 257 459 357 
-386 309 365 -186 309 19 259 313 365 259 435 -28 -186 313 -28 101 
-468 369 -456 231 369 -78 -74 395 -456 -74 343 -274 231 395 -274 -316 
-24 11 85 -222 11 471 57 95 85 57 -174 -38 -222 95 -38 183 
-158 295 -222 483 295 231 3 -232 -222 3 -300 -90 483 -232 -90 -480 
-408 5 -202 -358 5 -318 57 61 -202 57 -120 -28 -358 61 -28 -156 
213 -332 -92 -182 -332 467 -320 -358 -92 -320 -74 487 -182 -358 487 -94 
483 -364 -264 -214 -364 -246 -390 425 -264 -390 255 163 -214 425 163 467 
-292 231 119 -380 231 -218 -128 -448 119 -128 -220 79 -380 -448 79 91 
-266 87 -308 -126 87 325 159 -18 -308 159 -220 35 -126 -18 35 -314 
-456 147 -156 -134 147 -360 251 -208 -156 251 -478 -294 -134 -208 -294 89 
-24 -476 -194 -90 -476 189 -372 419 -194 -372 301 -202 -90 419 -202 -344 
23 39 109 327 39 137 -186 -416 109 -186 327 169 327 -416 169 123 
399 -14 415 -144 -14 -436 169 -378 415 169 -176 -358 -144 -378 -358 -452 
-346 137 415 -488 137 -116 -288 -382 415 -288 -74 333 -488 -382 333 415 
-56 -156 -62 -116 -156 -24 129 -442 -62 129 -484 -372 -116 -442 -372 49 
-396 -26 -82 -202 -26 275 -416 165 -82 -416 -52 259 -202 165 259 255 
417 -344 -54 443 -344 -324 499 -422 -54 499 121 233 443 -422 233 413 
417 293 373 -60 293 175 -74 485 373 -74 1 -122 -60 485 -122 -208 
395 -26 -220 291 -26 -488 429 -72 -220 429 477 193 291 -72 193 -8 
-254 -422 -376 137 -422 -316 303 -90 -376 303 -412 289 137 -90 289 253 
479 299 -322 -402 299 -102 369 -154 -322 369 229 -234 -402 -154 -234 -438 
-274 -226 463 -134 -226 -472 -348 453 463 -348 3 307 -134 453 307 -18 
333 437 195 179 437 161 -144 159 195 -144 461 407 179 159 407 -76 
-472 145 -92 -472 145 -128 -196 311 -92 -196 35 335 -472 311 335 229 
-216 -32 -456 -158 -32 249 -120 -296 -456 -120 -224 -120 -158 -296 -120 -26 
-406 483 445 -74 483 191 -88 -38 445 -88 -164 -104 -74 -38 -104 377 
353 -442 -4 123 -442 -352 125 111 -4 125 -342 -224 123 111 -224 149 
135 -90 -146 -328 -90 355 -304 241 -146 -304 409 381 -328 241 381 279 
-102 83 -192 -32 83 -312 99 161 -192 99 47 405 -32 161 405 -290 
69 459 -128 139 459 -228 -80 471 -128 -80 -278 -440 139 471 -440 -456 
-148 -444 245 125 -444 -210 -198 -116 245 -198 -180 315 125 -116 315 -64 
-226 -472 479 93 -472 -482 5 -36 479 5 333 105 93 -36 105 87 
-232 -138 165 -64 -138 -18 399 -32 165 399 -8 -396 -64 -32 -396 -438 
-478 -138 245 59 -138 169 -244 -362 245 -244 269 49 59 -362 49 -18 
467 -58 143 61 -58 103 -190 -186 143 -190 -226 103 61 -186 103 -4 
-300 -268 423 347 -268 -396 -66 -230 423 -66 165 -152 347 -230 -152 0 
117 173 -286 -168 173 97 79 -224 -286 79 -228 -260 -168 -224 -260 -158 
425 267 -312 -234 267 -452 169 -62 -312 169 -70 211 -234 -62 211 235 
-390 211 -64 -250 211 -460 45 267 -64 45 -254 287 -250 267 287 217 
65 -442 -88 273 -442 315 79 337 -88 79 -388 269 273 337 269 -386 
-330 309 -140 321 309 319 381 -126 -140 381 -20 411 321 -126 411 -454 
393 -484 357 499 -484 -336 329 -450 357 329 457 405 499 -450 405 365 
-334 49 -94 -92 49 -270 119 17 -94 119 313 253 -92 17 253 117 
477 -160 5 153 -160 91 -62 -76 5 -62 -354 -72 153 -76 -72 -134 
-16 -50 193 445 -50 -352 247 21 193 247 61 -344 445 21 -344 259 
-366 385 439 -218 385 107 -268 -54 439 -268 -50 -432 -218 -54 -432 299 
-20 235 -98 -292 235 -416 -182 29 -98 -182 -316 59 -292 29 59 -258 
83 399 135 357 399 -70 271 -342 135 271 -280 377 357 -342 377 -406 
295 -186 403 -252 -186 -218 35 285 403 35 -428 -178 -252 285 -178 -460 
101 449 -364 385 449 -126 157 237 -364 157 341 -438 385 237 -438 93 
-96 33 493 -268 33 373 435 109 493 435 -96 381 -268 109 381 61 
239 -84 423 499 -84 231 349 -442 423 349 -106 -350 499 -442 -350 287 
-40 269 223 -88 269 467 83 -400 223 83 -158 -106 -88 -400 -106 -438 
463 -420 -366 -258 -420 185 23 229 -366 23 -298 -356 -258 229 -356 -470 
175 -196 183 -488 -196 119 -446 -190 183 -446 275 469 -488 -190 469 19 
341 197 45 -154 197 -158 -58 -294 45 -58 291 341 -154 -294 341 337 
-400 -232 175 -236 -232 -438 -458 -80 175 -458 85 13 -236 -80 13 -284 
253 227 285 -426 227 -170 -36 281 285 -36 -370 49 -426 281 49 -348 
77 199 335 73 199 137 351 231 335 351 117 233 73 231 233 71 
-376 29 231 -44 29 -342 467 0 231 467 -28 -416 -44 0 -416 -134 
499 257 -240 81 257 123 441 131 -240 441 249 39 81 131 39 299 
75 99 363 245 99 -226 201 -424 363 201 83 389 245 -424 389 235 
-24 395 245 -170 395 483 217 -392 245 217 -252 -324 -170 -392 -324 273 
-240 255 -468 -70 255 343 -30 -256 -468 -30 265 -114 -70 -256 -114 -480 
-458 -358 -124 -8 -358 311 167 217 -124 167 -428 -90 -8 217 -90 99 
-80 -370 -490 -412 -370 0 -64 275 -490 -64 -84 -182 -412 275 -182 411 
-106 -368 -144 -326 -368 -436 -366 -92 -144 -366 -488 -338 -326 -92 -338 365 
-212 447 -446 159 447 -52 271 -256 -446 271 -110 57 159 -256 57 -166 
-250 -170 145 425 -170 -148 -374 -274 145 -374 43 429 425 -274 429 -36 
263 -16 -358 -434 -16 301 61 155 -358 61 315 -174 -434 155 -174 -82 
139 -82 -24 -400 -82 75 337 -376 -24 337 -300 -424 -400 -376 -424 -364 
37 195 25 129 195 351 -288 -294 25 -288 -244 -206 129 -294 -206 75 
71 -490 -384 319 -490 479 195 -158 -384 195 307 345 319 -158 345 -374 
-438 -156 -320 -432 -156 -266 -222 457 -320 -222 53 271 -432 457 271 455 
389 125 29 -128 125 39 27 -394 29 27 -490 -148 -128 -394 -148 -54 
17 -192 -30 -118 -192 -148 -56 -490 -30 -56 -282 243 -118 -490 243 439 
301 493 427 269 493 393 33 431 427 33 -92 135 269 431 135 -26 
-342 -80 -116 461 -80 217 407 -420 -116 407 245 -166 461 -420 -166 121 
-282 -282 -6 491 -282 -370 115 195 -6 115 143 263 491 195 263 271 
-92 435 217 -412 435 381 467 221 217 467 -452 -322 -412 221 -322 -328 
-230 429 -424 199 429 153 151 -294 -424 151 41 -264 199 -294 -264 383 
-220 -144 -388 77 -144 213 -202 -158 -388 -202 -202 253 77 -158 253 249 
-58 75 -90 -138 75 323 395 201 -90 395 205 -58 -138 201 -58 123 
287 41 -26 -30 41 209 -320 435 -26 -320 43 31 -30 435 31 -174 
-402 -100 71 275 -100 9 -430 -294 71 -430 -122 -236 275 -294 -236 -390 
15 -452 -254 -282 -452 433 -188 355 -254 -188 -460 445 -282 355 445 423 
-42 159 487 443 159 347 -84 389 487 -84 -168 -288 443 389 -288 -198 
-280 479 207 313 479 -360 447 -346 207 447 271 -182 313 -346 -182 -344 
-142 -448 -136 353 -448 49 -388 323 -136 -388 325 251 353 323 251 -190 
139 -46 -362 275 -46 -124 -78 485 -362 -78 103 281 275 485 281 377 
-350 -48 -170 -494 -48 -216 229 -226 -170 229 -38 415 -494 -226 415 -172 
-352 -362 421 167 -362 -128 465 329 421 465 259 -82 167 329 -82 389 
-486 419 235 -140 419 -166 -132 485 235 -132 -322 3 -140 485 3 161 
-396 141 -150 -432 141 -372 361 -270 -150 361 313 165 -432 -270 165 145 
-120 -310 -128 -470 -310 121 -96 -4 -128 -96 -14 299 -470 -4 299 -210 
269 -52 235 471 -52 -344 -330 -382 235 -330 261 395 471 -382 395 151 
-166 83 -210 -258 83 -372 295 -406 -210 295 -14 -452 -258 -406 -452 -284 
405 -312 21 341 -312 75 -290 25 21 -290 111 167 341 25 167 -482 
283 387 293 -50 387 179 -268 -274 293 -268 -384 129 -50 -274 129 335 
-460 105 11 -492 105 -324 -50 -16 11 -50 -60 301 -492 -16 301 259 
309 423 67 -300 423 225 -256 -140 67 -256 -48 155 -300 -140 155 307 
449 491 -260 -382 491 -336 219 -270 -260 219 179 225 -382 -270 225 19 
309 201 131 -324 201 307 225 301 131 225 283 469 -324 301 469 -488 
-164 463 -124 -34 463 -270 351 497 -124 351 -224 11 -34 497 11 67 
265 -340 379 455 -340 -28 161 -432 379 161 227 -160 455 -432 -160 139 
-166 237 -48 -348 237 -404 -48 65 -48 -48 221 133 -348 65 133 175 
241 -14 147 -362 -14 -454 -176 -454 147 -176 -158 221 -362 -454 221 -284 
-188 -466 -116 -356 -466 -180 429 37 -116 429 129 389 -356 37 389 343 
-4 101 -384 -420 101 487 -136 -52 -384 -136 -82 -28 -420 -52 -28 -366 
-472 193 -458 179 193 483 487 323 -458 487 397 -96 179 323 -96 -94 
401 153 -20 3 153 -472 -20 -432 -20 -20 453 -324 3 -432 -324 33 
57 165 -232 -280 165 167 -466 -190 -232 -466 -368 -426 -280 -190 -426 -328 
479 -144 203 449 -144 333 3 -410 203 3 -240 27 449 -410 27 -110 
27 -282 393 187 -282 363 461 65 393 461 99 251 187 65 251 -318 
81 -58 103 -358 -58 -238 -178 -464 103 -178 457 -72 -358 -464 -72 221 
-422 -256 367 -260 -256 -298 343 -234 367 343 341 19 -260 -234 19 -352 
-62 411 311 293 411 405 381 151 311 381 -260 -398 293 151 -398 271 
-342 -194 -84 35 -194 0 455 155 -84 455 323 -150 35 155 -150 -188 
439 -10 17 -432 -10 -448 -210 495 17 -210 419 -148 -432 495 -148 189 
171 351 195 223 351 137 149 -300 195 149 407 -134 223 -300 -134 -384 
177 -312 141 -304 -312 -496 -162 37 141 -162 51 351 -304 37 351 -232 
65 -438 445 -228 -438 -194 -26 -178 445 -26 245 -428 -228 -178 -428 205 
149 257 -312 401 257 199 227 -192 -312 227 353 295 401 -192 295 -42 
67 149 -376 255 149 -242 -248 103 -376 -248 315 47 255 103 47 73 
465 249 137 169 249 331 -470 53 137 -470 -268 -52 169 53 -52 -178 
-156 481 195 -86 481 429 231 -278 195 231 359 -252 -86 -278 -252 89 
-458 -238 -54 -472 -238 -208 -156 171 -54 -156 147 3 -472 171 3 11 
-174 319 107 205 319 99 -288 261 107 -288 45 435 205 261 435 -492 
-232 -76 167 403 -76 367 399 -54 167 399 167 -212 403 -54 -212 -114 
129 293 477 -354 293 -12 331 389 477 331 -326 147 -354 389 147 299 
489 -174 -336 -112 -174 387 457 3 -336 457 491 -482 -112 3 -482 329 
27 361 -452 -496 361 -146 183 97 -452 183 -54 -32 -496 97 -32 -102 
445 -476 -224 81 -476 195 123 -132 -224 123 343 -102 81 -132 -102 369 
-282 489 437 99 489 35 179 -154 437 179 -152 399 99 -154 399 -350 
-132 445 293 371 445 149 -90 -204 293 -90 177 205 371 -204 205 319 
-250 -28 -228 -222 -28 -168 285 -274 -228 285 -184 151 -222 -274 151 -384 
37 415 189 181 415 -74 259 -350 189 259 -46 -260 181 -350 -260 427 
233 421 161 -318 421 -46 -350 263 161 -350 461 -346 -318 263 -346 -458 
-94 371 445 -2 371 -246 -420 -254 445 -420 453 -260 -2 -254 -260 -86 
419 235 -116 113 235 335 -92 -18 -116 -92 265 -370 113 -18 -370 -336 
25 -246 -144 -12 -246 -482 315 105 -144 315 -226 201 -12 105 201 273 
-306 -80 93 -490 -80 91 -214 223 93 -214 357 -200 -490 223 -200 349 
-322 285 -262 -202 285 -268 -374 -152 -262 -374 -348 235 -202 -152 235 -138 
-262 237 -272 -292 237 -200 343 19 -272 343 481 -370 -292 19 -370 491 
145 -484 -214 85 -484 79 399 -282 -214 399 -386 119 85 -282 119 -150 
193 185 -16 -108 185 -388 499 425 -16 499 -396 269 -108 425 269 331 
-314 -2 -470 37 -2 -98 77 -398 -470 77 351 -388 37 -398 -388 463 
53 5 241 267 5 -162 155 81 241 155 195 -118 267 81 -118 -372 
-94 -170 -38 121 -170 445 23 243 -38 23 365 -218 121 243 -218 135 
437 99 499 -192 99 -54 -124 31 499 -124 -66 429 -192 31 429 -222 
-56 -318 375 -192 -318 -410 361 -132 375 361 -228 -22 -192 -132 -22 149 
277 -326 -348 -278 -326 277 -338 175 -348 -338 -444 125 -278 175 125 139 
321 -340 -140 -466 -340 81 -148 47 -140 -148 451 407 -466 47 407 51 
-110 57 77 9 57 403 -76 -40 77 -76 23 -74 9 -40 -74 -454 
369 -406 485 499 -406 -48 -430 73 485 -430 -158 -316 499 73 -316 -384 
373 31 -104 283 31 291 -422 -10 -104 -422 487 -364 283 -10 -364 -68 
-494 79 23 209 79 157 141 285 23 141 477 23 209 285 23 -272 
-328 435 49 17 435 9 243 367 49 243 265 -90 17 367 -90 391 
369 -38 -104 -276 -38 -212 491 193 -104 491 409 -120 -276 193 -120 197 
-162 -128 -100 259 -128 -342 -440 89 -100 -440 -494 -142 259 89 -142 -120 
-486 -146 -464 -486 -146 271 443 -466 -464 443 -474 445 -486 -466 445 -288 
349 327 -454 -4 327 281 -246 257 -454 -246 285 -114 -4 257 -114 -350 
-332 173 443 -312 173 -232 383 239 443 383 -268 89 -312 239 89 183 
209 487 295 245 487 -412 139 435 295 139 -248 479 245 435 479 207 
-230 -454 101 -440 -454 43 -218 -412 101 -218 377 123 -440 -412 123 -472 
483 385 -186 -220 385 257 -202 439 -186 -202 -106 -276 -220 439 -276 -424 
-152 37 35 199 37 -316 -390 367 35 -390 -106 221 199 367 221 475 
-20 -292 65 47 -292 -258 -184 31 65 -184 329 -282 47 31 -282 205 
-162 189 423 -370 189 -342 -282 -196 423 -282 -180 469 -370 -196 469 -72 
215 51 -236 255 51 -174 477 -154 -236 477 229 -382 255 -154 -382 351 
269 237 301 -176 237 -104 73 161 301 73 197 95 -176 161 95 125 
485 -62 229 -60 -62 -218 73 79 229 73 209 -162 -60 79 -162 -224 
-74 -182 475 315 -182 343 -446 -32 475 -446 -68 -184 315 -32 -184 361 
-472 -286 -266 89 -286 151 -104 233 -266 -104 -94 -76 89 233 -76 -98 
-104 33 -468 -184 33 417 -464 -116 -468 -464 -14 -66 -184 -116 -66 -496 
373 -148 -10 -396 -148 441 291 -366 -10 291 89 -20 -396 -366 -20 355 
-448 251 81 271 251 325 -228 173 81 -228 -454 309 271 173 309 -430 
-238 491 239 353 491 -448 67 -54 239 67 377 -490 353 -54 -490 197 
-56 273 89 -362 273 -36 429 -388 89 429 39 85 -362 -388 85 341 
167 -20 -60 47 -20 81 -382 -106 -60 -382 489 -284 47 -106 -284 403 
-460 -462 -232 -392 -462 343 63 423 -232 63 111 -240 -392 423 -240 -192 
443 -270 419 349 -270 -112 -76 345 419 -76 -486 -56 349 345 -56 103 
-364 -498 -8 -378 -498 -338 223 5 -8 223 411 193 -378 5 193 117 
443 227 -14 -290 227 -416 301 339 -14 301 -44 -236 -290 339 -236 -12 
-274 433 -240 401 433 183 135 -328 -240 135 133 437 401 -328 437 -134 
77 171 -222 263 171 159 -40 -368 -222 -40 -282 -348 263 -368 -348 -366 
-290 227 -458 71 227 -106 305 1 -458 305 -434 -270 71 1 -270 55 
7 299 -230 75 299 303 439 -194 -230 439 -488 -164 75 -194 -164 173 
-48 -358 -280 487 -358 -264 213 13 -280 213 -452 -170 487 13 -170 -478 
-266 -204 -416 149 -204 377 337 37 -416 337 459 -432 149 37 -432 455 
105 -26 437 -366 -26 -414 155 -290 437 155 -446 -182 -366 -290 -182 135 
93 -436 -346 -238 -436 -456 403 -214 -346 403 99 41 -238 -214 41 425 
-74 -324 -344 363 -324 249 -276 97 -344 -276 -334 147 363 97 147 -426 
43 -244 -92 261 -244 269 175 139 -92 175 -196 481 261 139 481 471 
-268 213 -166 -30 213 -306 109 -290 -166 109 59 -184 -30 -290 -184 -46 
259 103 -106 391 103 93 -196 83 -106 -196 -450 57 391 83 57 435 
-12 167 369 165 167 403 473 291 369 473 -16 149 165 291 149 15 
-118 243 -388 497 243 211 91 -374 -388 91 63 125 497 -374 125 7 
-370 121 227 -158 121 -336 275 221 227 275 -76 299 -158 221 299 419 
241 111 -212 209 111 135 263 -330 -212 263 -14 -336 209 -330 -336 283 
-32 -488 339 205 -488 -170 -440 -368 339 -440 391 -228 205 -368 -228 485 
37 -320 -124 497 -320 -354 203 -494 -124 203 -62 365 497 -494 365 -54 
-200 -302 -214 129 -302 -294 -26 463 -214 -26 -28 -248 129 463 -248 179 
351 199 3 -442 199 -280 -16 -290 3 -16 -98 -358 -442 -290 -358 -230 
53 51 -262 -444 51 149 485 55 -262 485 -72 389 -444 55 389 -358 
-52 129 -140 -360 129 -46 127 -44 -140 127 -422 -436 -360 -44 -436 473 
-154 333 -256 51 333 391 -34 431 -256 -34 -322 79 51 431 79 -202 
-176 -80 269 -388 -80 429 385 -2 269 385 -110 327 -388 -2 327 -274 
-260 99 -42 55 99 393 65 -428 -42 65 -72 -284 55 -428 -284 -226 
-298 23 201 87 23 -88 497 -152 201 497 175 -250 87 -152 -250 -178 
455 393 -130 -406 393 31 489 165 -130 489 21 127 -406 165 127 -464 
-440 113 389 -210 113 -488 263 -320 389 263 -188 321 -210 -320 321 -264 
3 -254 -222 -316 -254 -354 -86 425 -222 -86 -24 -318 -316 425 -318 -302 
-120 159 -488 -182 159 341 -74 0 -488 -74 -66 -222 -182 0 -222 -254 
-52 -350 -16 -226 -350 -486 -102 237 -16 -102 401 401 -226 237 401 249 
467 -102 265 381 -102 343 -210 -8 265 -210 489 -358 381 -8 -358 -184 
121 -106 -86 487 -106 371 -490 -472 -86 -490 -18 73 487 -472 73 353 
281 -162 -496 213 -162 451 115 -304 -496 115 285 333 213 -304 333 -64 
-4 337 453 -284 337 333 -472 421 453 -472 -44 -370 -284 421 -370 257 
-88 129 297 -340 129 423 401 343 297 401 -376 231 -340 343 231 0 
-148 113 253 311 113 193 -332 451 253 -332 -314 99 311 451 99 -216 
-212 -334 349 -252 -334 -412 141 209 349 141 -450 -180 -252 209 -180 69 
35 -62 365 111 -62 317 11 263 365 11 321 -106 111 263 -106 345 
443 -350 93 -164 -350 -442 -444 333 93 -444 -236 -2 -164 333 -2 25 
59 453 7 -6 453 43 129 251 7 129 -70 395 -6 251 395 -228 
41 59 -220 215 59 -444 -178 -158 -220 -178 -384 -238 215 -158 -238 383 
-138 237 135 -30 237 -282 315 -80 135 315 21 425 -30 -80 425 -252 
-204 -446 -412 -4 -446 45 325 -244 -412 325 49 -494 -4 -244 -494 29 
-132 9 -316 429 9 261 133 -430 -316 133 -246 -32 429 -430 -32 283 
373 439 -380 335 439 487 -70 89 -380 -70 129 -60 335 89 -60 21 
97 189 163 -444 189 121 205 315 163 205 213 -334 -444 315 -334 499 
137 115 -164 -58 115 11 383 -346 -164 383 443 237 -58 -346 237 331 
155 251 351 -290 251 -52 295 -420 351 295 61 -360 -290 -420 -360 267 
273 -34 133 191 -34 301 -378 387 133 -378 379 0 191 387 0 115 
209 -72 61 -452 -72 -470 323 -64 61 323 37 -50 -452 -64 -50 -110 
291 -478 443 161 -478 321 -218 -298 443 -218 183 433 161 -298 433 195 
209 -72 -468 203 -72 -364 345 349 -468 345 -50 -146 203 349 -146 -142 
-444 155 459 -268 155 385 301 -268 459 301 347 -106 -268 -268 -106 187 
35 309 -364 133 309 351 -140 125 -364 -140 -224 -346 133 125 -346 -200 
-338 31 221 217 31 -124 -84 315 221 -84 -344 -352 217 315 -352 19 
-70 367 419 -174 367 487 -30 345 419 -30 -216 -44 -174 345 -44 199 
-162 185 115 321 185 -2 41 -304 115 41 73 233 321 -304 233 -452 
311 229 -224 159 229 483 165 345 -224 165 -450 -326 159 345 -326 91 
397 213 371 -486 213 -162 -190 -84 371 -190 -406 -418 -486 -84 -418 -122 
219 -166 -218 491 -166 459 -66 103 -218 -66 279 -498 491 103 -498 367 
345 103 -430 -20 103 25 -34 321 -430 -34 333 235 -20 321 235 287 
393 327 -348 -124 327 -192 -418 -300 -348 -418 -244 431 -124 -300 431 -86 
195 -8 253 97 -8 -192 121 319 253 121 407 71 97 319 71 -22 
61 491 -52 251 491 23 465 -456 -52 465 -480 61 251 -456 61 465 
23 -300 -328 235 -300 453 -112 -182 -328 -112 -376 157 235 -182 157 289 
-292 199 -276 461 199 -342 131 -160 -276 131 -200 -138 461 -160 -138 -80 
-120 45 429 -168 45 141 -262 -334 429 -262 133 -270 -168 -334 -270 -82 
0 -60 -364 141 -60 99 -336 165 -364 -336 333 29 141 165 29 327 
-254 -28 319 -484 -28 -110 -168 417 319 -168 397 125 -484 417 125 -406 
-410 463 -48 -190 463 469 -344 99 -48 -344 143 155 -190 99 155 -464 
37 -58 -206 411 -58 -414 447 293 -206 447 129 87 411 293 87 -80 
85 -264 -234 -76 -264 15 -118 -384 -234 -118 347 -148 -76 -384 -148 47 
55 -332 281 337 -332 427 -396 359 281 -396 -324 299 337 359 299 153 
201 341 -404 229 341 215 65 -150 -404 65 -32 83 229 -150 83 219 
-296 439 -278 -238 439 241 303 -6 -278 303 -120 -170 -238 -6 -170 349 
205 -24 -78 287 -24 -484 129 139 -78 129 -398 473 287 139 473 -138 
315 -2 41 485 -2 63 211 -66 41 211 327 83 485 -66 83 -430 
65 -82 -482 331 -82 235 -290 -312 -482 -290 -256 -302 331 -312 -302 -448 
13 -126 497 -64 -126 215 293 407 497 293 437 -418 -64 407 -418 -338 
-424 -70 183 345 -70 -328 59 483 183 59 221 37 345 483 37 -60 
349 423 383 405 423 347 313 -286 383 313 -484 409 405 -286 409 -234 
0 -470 339 157 -470 -168 -356 485 339 -356 -92 -22 157 485 -22 233 
235 383 327 499 383 61 -90 135 327 -90 -100 479 499 135 479 73 
-406 385 245 209 385 -336 481 439 245 481 199 101 209 439 101 407 
195 219 -84 427 219 355 -60 133 -84 -60 -452 -300 427 133 -300 103 
-188 -398 375 69 -398 -304 -490 343 375 -490 57 357 69 343 357 319 
375 149 -190 -446 149 -298 467 -346 -190 467 9 -80 -446 -346 -80 479 
481 207 219 -138 207 425 199 -270 219 199 -14 -10 -138 -270 -10 355 
-232 265 -118 -220 265 237 -264 209 -118 -264 203 -44 -220 209 -44 -50 
41 301 -344 427 301 141 -410 -196 -344 -410 -324 183 427 -196 183 -98 
-140 131 -70 -254 131 35 403 445 -70 403 109 -414 -254 445 -414 -32 
417 -130 -318 -432 -130 413 -90 461 -318 -90 -132 135 -432 461 135 17 
145 321 -318 305 321 333 221 -246 -318 221 -470 -288 305 -246 -288 -394 
-8 227 335 77 227 175 205 -50 335 205 -142 -254 77 -50 -254 -318 
-390 -224 479 365 -224 -254 171 -22 479 171 -344 267 365 -22 267 9 
-410 -372 -52 -374 -372 477 197 -370 -52 197 441 267 -374 -370 267 341 
117 -468 65 321 -468 155 227 -414 65 227 283 137 321 -414 137 -432 
49 -162 -382 35 -162 -92 135 -430 -382 135 -34 -20 35 -430 -20 -228 
-188 -224 -134 233 -224 103 125 -122 -134 125 -282 -260 233 -122 -260 65 
-430 -264 423 -322 -264 -486 -408 -138 423 -408 131 65 -322 -138 65 -426 
-362 63 -378 419 63 351 241 315 -378 241 -76 -168 419 315 -168 21 
-98 87 31 239 87 339 -52 -330 31 -52 -474 281 239 -330 281 -242 
-118 -400 -200 -234 -400 -106 -180 -290 -200 -180 423 399 -234 -290 399 -168 
485 -134 455 -44 -134 -444 -208 -300 455 -208 219 -18 -44 -300 -18 349 
447 -80 299 -448 -80 -184 119 -132 299 119 -340 -388 -448 -132 -388 -270 
297 433 -140 -122 433 45 -40 227 -140 -40 -250 -82 -122 227 -82 247 
99 -50 -230 -396 -50 -304 331 305 -230 331 51 -82 -396 305 -82 139 
267 -370 -176 143 -370 -56 473 -116 -176 473 457 -286 143 -116 -286 -366 
433 343 -172 -314 343 -298 471 437 -172 471 261 309 -314 437 309 -420 
-86 327 441 53 327 323 -28 491 441 -28 97 99 53 491 99 381 
323 -310 171 -78 -310 493 -90 153 171 -90 -234 -266 -78 153 -266 247 
113 -422 245 -474 -422 -488 -22 377 245 -22 19 83 -474 377 83 -466 
305 -294 -146 -324 -294 441 89 -98 -146 89 297 -66 -324 -98 -66 -460 
391 73 465 105 73 -306 -438 -396 465 -438 -18 -262 105 -396 -262 -444 
-226 15 393 323 15 69 -124 -218 393 -124 369 -472 323 -218 -472 -170 
161 15 325 229 15 -494 37 195 325 37 -330 49 229 195 49 -300 
201 -294 61 303 -294 -492 459 -448 61 459 -206 113 303 -448 113 469 
139 455 61 151 455 -410 177 -76 61 177 39 -222 151 -76 -222 -2 
-224 -196 349 23 -196 -412 223 -214 349 223 371 -308 23 -214 -308 -120 
481 -156 -298 149 -156 145 497 -466 -298 497 443 -448 149 -466 -448 -392 
31 -204 195 -294 -204 -450 149 451 195 149 81 -98 -294 451 -98 345 
175 245 -84 433 245 -100 399 67 -84 399 297 9 433 67 9 441 
231 99 -398 -474 99 387 259 -262 -398 259 145 229 -474 -262 229 159 
-324 267 -466 -468 267 427 -94 349 -466 -94 -296 -42 -468 349 -42 423 
-396 417 411 -368 417 -48 281 333 411 281 -74 -188 -368 333 -188 -384 
-168 -468 425 -204 -468 -344 421 -460 425 421 411 -422 -204 -460 -422 451 
-200 -342 -130 425 -342 -430 451 -220 -130 451 -198 27 425 -220 27 -480 
405 -382 425 -114 -382 -112 -204 -192 425 -204 9 -438 -114 -192 -438 5 
-366 -166 171 -80 -166 -464 41 -26 171 41 -386 435 -80 -26 435 233 
251 -224 -76 -292 -224 159 451 -96 -76 451 27 307 -292 -96 307 287 
27 -420 305 127 -420 337 -210 83 305 -210 303 137 127 83 137 483 
341 135 121 277 135 -278 -80 -434 121 -80 211 229 277 -434 229 353 
-430 -408 -230 -448 -408 -132 141 -170 -230 141 -416 63 -448 -170 63 -318 
315 -484 9 -474 -484 241 385 -408 9 385 -460 -248 -474 -408 -248 85 
-278 101 171 5 101 401 -296 -172 171 -296 109 231 5 -172 231 487 
-170 25 -184 -302 25 227 -246 -188 -184 -246 -352 197 -302 -188 197 489 
395 -398 451 -18 -398 373 257 219 451 257 373 415 -18 219 415 -68 
383 -110 359 125 -110 -96 339 83 359 339 -18 159 125 83 159 -18 
61 167 103 -166 167 -438 -226 193 103 -226 -382 -376 -166 193 -376 -260 
-238 57 -280 -54 57 -78 61 -368 -280 61 21 173 -54 -368 173 -98 
257 -258 419 345 -258 401 189 -216 419 189 -456 239 345 -216 239 225 
125 -32 -178 421 -32 -216 -262 287 -178 -262 -208 -238 421 287 -238 -30 
105 -490 299 69 -490 407 253 413 299 253 -156 285 69 413 285 83 
-348 93 299 -362 93 -106 -166 235 299 -166 219 171 -362 235 171 -164 
99 -108 347 -14 -108 -414 -212 7 347 -212 -122 327 -14 7 327 -492 
-320 499 -398 271 499 -386 -192 -52 -398 -192 217 -24 271 -52 -24 -488 
193 89 -188 -414 89 -296 -268 -346 -188 -268 -358 237 -414 -346 237 245 
-68 297 325 147 297 221 237 143 325 237 407 -170 147 143 -170 49 
-46 39 -252 -12 39 -20 431 -476 -252 431 191 25 -12 -476 25 345 
99 -416 -274 -56 -416 177 -372 -236 -274 -372 -8 -396 -56 -236 -396 309 
-132 -358 -288 -244 -358 -4 -430 227 -288 -430 149 19 -244 227 19 -368 
-174 401 361 255 401 -466 427 313 361 427 -362 -280 255 313 -280 -318 
-228 289 213 441 289 223 -296 231 213 -296 -340 231 441 231 231 135 
-132 -82 -382 -250 -82 -144 -352 457 -382 -352 101 -268 -250 457 -268 33 
273 -394 419 -26 -394 383 33 -282 419 33 -12 -436 -26 -282 -436 325 
-52 -312 -24 345 -312 -296 -202 273 -24 -202 -258 305 345 273 305 177 
-358 111 281 -150 111 -70 -480 253 281 -480 327 359 -150 253 359 -216 
297 -118 -218 277 -118 381 65 -152 -218 65 213 371 277 -152 371 -176 
-86 -374 -242 241 -374 9 97 -162 -242 97 -248 -242 241 -162 -242 -148 
-92 -36 -120 117 -36 229 -124 281 -120 -124 -138 -206 117 281 -206 61 
-350 47 -458 39 47 405 481 -468 -458 481 -414 101 39 -468 101 -316 
-294 467 45 167 467 39 163 -100 45 163 -274 -444 167 -100 -444 499 
25 -80 217 -324 -80 449 -86 -174 217 -86 257 185 -324 -174 185 215 
-58 275 -230 -82 275 211 37 -270 -230 37 -462 91 -82 -270 91 -28 
161 -112 -196 -376 -112 -100 -458 171 -196 -458 191 -248 -376 171 -248 -122 
-198 -50 -258 -228 -50 145 -242 -438 -258 -242 -360 473 -228 -438 473 477 
493 195 -404 213 195 -32 25 -404 -404 25 295 221 213 -404 221 -348 
-168 -84 -120 91 -84 -338 -232 119 -120 -232 337 -66 91 119 -66 -432 
-262 -34 331 137 -34 -194 -102 11 331 -102 -14 -142 137 11 -142 269 
-334 47 -230 3 47 41 -106 411 -230 -106 297 237 3 411 237 -102 
15 63 117 317 63 499 151 143 117 151 -38 -282 317 143 -282 -454 
387 -12 -412 -422 -12 337 -174 91 -412 -174 -308 -218 -422 91 -218 351 
277 123 -352 211 123 -230 89 1 -352 89 15 487 211 1 487 -228 
29 421 487 363 421 327 -488 477 487 -488 -214 -346 363 477 -346 475 
-82 331 339 119 331 169 147 -362 339 147 -406 -60 119 -362 -60 -252 
405 61 -220 -380 61 441 -50 339 -220 -50 -238 -124 -380 339 -124 451 
5 -440 489 125 -440 -482 -104 153 489 -104 -380 -430 125 153 -430 111 
-106 -58 287 51 -58 327 -430 -122 287 -430 247 407 51 -122 407 -296 
-214 205 449 -406 205 -310 15 435 449 15 -88 285 -406 435 285 -334 
413 23 -476 463 23 177 -226 -422 -476 -226 207 29 463 -422 29 -266 
127 425 -400 -248 425 475 -30 257 -400 -30 413 -96 -248 257 -96 -16 
-92 405 251 307 405 -230 203 47 251 203 -452 255 307 47 255 -184 
35 -94 -146 -290 -94 -36 47 5 -146 47 107 -278 -290 5 -278 -458 
281 -246 299 -422 -246 -92 413 -308 299 413 -52 41 -422 -308 41 291 
-76 -424 157 -208 -424 -446 -458 -132 157 -458 263 127 -208 -132 127 331 
441 179 137 -100 179 137 409 -250 137 409 -154 -40 -100 -250 -40 97 
327 479 -46 139 479 -338 81 -398 -46 81 -292 221 139 -398 221 197 
293 313 -206 429 313 193 351 -316 -206 351 -194 -238 429 -316 -238 -488 
175 471 421 -480 471 183 -466 99 421 -466 -256 109 -480 99 109 -466 
-168 359 395 -184 359 -428 -94 -332 395 -94 -366 -458 -184 -332 -458 -266 
463 413 431 -286 413 -360 -166 449 431 -166 -122 -260 -286 449 -260 383 
173 -466 -206 -446 -466 -474 -208 -346 -206 -208 -170 -320 -446 -346 -320 -266 
69 -378 427 -38 -378 -384 359 267 427 359 -478 -30 -38 267 -30 421 
191 -390 93 -444 -390 309 7 -40 93 7 23 -222 -444 -40 -222 147 
-150 225 -262 -382 225 469 -240 1 -262 -240 355 305 -382 1 305 -26 
287 363 479 -466 363 -478 345 209 479 345 -386 -406 -466 209 -406 -220 
143 -106 -442 361 -106 483 -438 317 -442 -438 295 209 361 317 209 299 
497 295 -242 -252 295 367 -140 103 -242 -140 355 255 -252 103 255 -52 
-356 445 -262 497 445 -150 289 65 -262 289 205 127 497 65 127 447 
427 3 -276 265 3 175 -246 281 -276 -246 303 315 265 281 315 263 
-260 -316 81 277 -316 33 -328 -284 81 -328 203 -444 277 -284 -444 -476 
-374 -108 35 -402 -108 435 441 -286 35 441 393 -320 -402 -286 -320 -414 
-444 357 -412 -304 357 -496 191 -206 -412 191 -326 -216 -304 -206 -216 83 
133 11 -476 305 11 165 -206 -98 -476 -206 -418 119 305 -98 119 291 
-24 467 -350 -434 467 495 475 75 -350 475 -194 287 -434 75 287 465 
-262 139 -8 -460 139 -182 -86 495 -8 -86 -122 435 -460 495 435 -448 
59 119 -138 -466 119 373 -250 -60 -138 -250 341 93 -466 -60 93 -48 
-406 -418 -268 -212 -418 65 119 127 -268 119 71 -114 -212 127 -114 -42 
-250 249 -228 261 249 477 -236 25 -228 -236 -106 465 261 25 465 283 
453 405 -126 153 405 165 45 127 -126 45 -280 431 153 127 431 -380 
183 347 223 81 347 63 -44 249 223 -44 -426 -440 81 249 -440 -162 
291 29 -198 -98 29 -478 227 325 -198 227 -460 269 -98 325 269 -180 
223 347 -402 165 347 -82 423 55 -402 423 187 307 165 55 307 309 
-330 91 111 -44 91 -344 75 189 111 75 205 -256 -44 189 -256 -224 
217 -356 -48 -260 -356 -280 -150 -88 -48 -150 -466 67 -260 -88 67 -278 
173 343 -48 -432 343 -76 263 -98 -48 263 335 -116 -432 -98 -116 357 
-480 -166 161 491 -166 433 429 85 161 429 -250 391 491 85 391 193 
-288 -288 -286 57 -288 59 327 -410 -286 327 -226 -290 57 -410 -290 241 
-264 -166 -74 -192 -166 -148 -412 -392 -74 -412 -216 -158 -192 -392 -158 327 
159 -42 339 163 -42 -448 -396 -250 339 -396 -396 -196 163 -250 -196 -178 
-108 -486 437 303 -486 323 1 41 437 1 345 -130 303 41 -130 -94 
-400 493 -54 -394 493 -204 -42 -124 -54 -42 69 81 -394 -124 81 143 
327 201 -2 23 201 -38 61 -334 -2 61 101 205 23 -334 205 -400 
-232 -456 -136 -210 -456 417 93 477 -136 93 -292 -410 -210 477 -410 -490 
-408 275 389 69 275 391 139 335 389 139 -306 39 69 335 39 173 
69 73 -444 327 73 195 -336 395 -444 -336 -102 -316 327 395 -316 7 
-22 -264 -448 -8 -264 -272 -8 -290 -448 -8 157 47 -8 -290 47 331 
-86 -196 -406 467 -196 -314 -190 467 -406 -190 105 11 467 467 11 383 
153 439 -326 -442 439 429 -440 27 -326 -440 -40 -386 -442 27 -386 443 
47 153 -470 -110 153 105 209 471 -470 209 471 -242 -110 471 -242 -332 
-342 -420 225 381 -420 -218 -88 351 225 -88 -252 357 381 351 357 365 
475 -430 351 -102 -430 -250 -288 247 351 -288 -72 -290 -102 247 -290 219 
217 493 -260 -256 493 -92 193 199 -260 193 -32 349 -256 199 349 373 
343 433 -444 -356 433 -486 25 -364 -444 25 0 -332 -356 -364 -332 -22 
145 53 209 395 53 247 -8 319 209 -8 -134 -136 395 319 -136 123 
-244 -482 -490 375 -482 -46 439 -48 -490 439 65 -462 375 -48 -462 -168 
219 469 -482 113 469 287 -340 -266 -482 -340 133 -290 113 -266 -290 321 
-136 177 495 -406 177 463 249 -120 495 249 -56 133 -406 -120 133 -66 
455 57 421 461 57 1 -160 -416 421 -160 163 -238 461 -416 -238 -378 
397 -334 -88 499 -334 -470 199 115 -88 199 -366 465 499 115 465 -232 
-374 -78 337 -300 -78 -348 493 -458 337 493 257 171 -300 -458 171 -58 
-182 117 65 -206 117 -320 -312 -204 65 -312 -102 197 -206 -204 197 -136 
143 -116 -478 -306 -116 -124 115 473 -478 115 -160 -178 -306 473 -178 -336 
219 -108 -188 -282 -108 321 -116 223 -188 -116 -212 -186 -282 223 -186 -170 
-266 -42 -268 -458 -42 -376 -162 -446 -268 -162 481 253 -458 -446 253 -204 
-338 97 -322 95 97 411 115 387 -322 115 221 237 95 387 237 -104 
-78 -140 -364 -66 -140 -194 431 365 -364 431 -256 -184 -66 365 -184 65 
-106 265 0 -484 265 389 -402 411 0 -402 457 307 -484 411 307 407 
227 -186 443 35 -186 -112 231 177 443 231 49 -206 35 177 -206 401 
435 -46 459 -76 -46 311 -208 -90 459 -208 -164 97 -76 -90 97 225 
107 383 415 377 383 -94 -380 355 415 -380 -168 -434 377 355 -434 383 
111 -316 403 -448 -316 -200 41 -160 403 41 273 223 -448 -160 223 189 
-32 223 287 -178 223 239 3 137 287 3 -390 463 -178 137 463 177 
301 203 413 -330 203 -314 99 -498 413 99 103 -98 -330 -498 -98 117 
-290 -368 -374 -192 -368 -448 -106 -184 -374 -106 -348 -426 -192 -184 -426 67 
235 407 477 471 407 205 -30 -420 477 -30 345 -458 471 -420 -458 259 
-98 -42 -308 277 -42 -66 133 5 -308 133 -278 -290 277 5 -290 311 
-440 17 -402 369 17 43 -348 -226 -402 -348 -260 57 369 -226 57 363 
-146 -490 -168 -26 -490 -386 -110 149 -168 -110 339 313 -26 149 313 -162 
-358 -220 437 315 -220 375 -372 -376 437 -372 -390 429 315 -376 429 55 
-10 77 -284 275 77 435 -476 -340 -284 -476 -48 29 275 -340 29 -190 
133 367 137 323 367 445 3 -494 137 3 -86 -234 323 -494 -234 -452 
275 41 425 201 41 355 -304 -378 425 -304 391 433 201 -378 433 -260 
225 -326 125 -190 -326 189 207 435 125 207 347 219 -190 435 219 383 
-114 -428 313 -48 -428 -26 -140 227 313 -140 209 -466 -48 227 -466 65 
465 387 473 -476 387 -250 153 453 473 153 229 9 -476 453 9 343 
-100 271 111 -278 271 263 -188 -68 111 -188 -2 -460 -278 -68 -460 -468 
373 -166 -360 -418 -166 385 1 485 -360 1 119 -446 -418 485 -446 113 
-196 389 -394 -304 389 119 219 127 -394 219 -88 461 -304 127 461 295 
-152 143 -90 247 143 465 -124 -284 -90 -124 25 453 247 -284 453 -292 
-110 197 497 305 197 -112 -356 -256 497 -356 -230 231 305 -256 231 -34 
1 171 -438 -156 171 265 -236 469 -438 -236 -424 -386 -156 469 -386 -472 
-302 -152 471 -80 -152 425 -380 -208 471 -380 99 137 -80 -208 137 367 
-228 -312 331 -184 -312 293 -158 -140 331 -158 387 -188 -184 -140 -188 77 
59 459 -30 -130 459 -176 -140 -138 -30 -140 391 -360 -130 -138 -360 -276 
-60 -94 -328 437 -94 53 385 139 -328 385 427 -228 437 139 -228 -196 
-304 -368 -396 475 -368 313 183 391 -396 183 -148 -146 475 391 -146 333 
59 127 273 101 127 207 495 -52 273 495 335 -460 101 -52 -460 -152 
171 95 -220 273 95 -88 467 375 -220 467 163 -112 273 375 -112 -474 
149 -430 -128 395 -430 83 333 127 -128 333 45 0 395 127 0 485 
-490 -272 -138 271 -272 293 -196 373 -138 -196 61 -408 271 373 -408 -216 
-300 239 327 497 239 -372 -78 289 327 -78 -272 193 497 289 193 -158 
499 -478 -366 -110 -478 -142 495 67 -366 495 77 -354 -110 67 -354 -454 
-492 -102 -226 -494 -102 45 -374 -48 -226 -374 383 -444 -494 -48 -444 381 
475 -170 347 -318 -170 -98 467 -94 347 467 -72 67 -318 -94 67 -138 
491 289 -268 -460 289 -12 -300 -312 -268 -300 -434 177 -460 -312 177 75 
117 -390 47 -490 -390 -340 205 -484 47 205 143 -314 -490 -484 -314 -64 
0 -298 -182 375 -298 -370 423 -498 -182 423 51 -364 375 -498 -364 177 
23 -260 -264 117 -260 467 -270 419 -264 -270 355 297 117 419 297 227 
165 -300 -388 469 -300 313 -398 -244 -388 -398 359 -350 469 -244 -350 -456 
105 -310 -428 413 -310 -420 -382 -32 -428 -382 -266 387 413 -32 387 131 
-464 1 -380 85 1 -202 73 153 -380 73 -94 227 85 153 227 -388 
-454 -302 -366 -168 -302 147 371 137 -366 371 133 -312 -168 137 -312 -362 
-320 101 55 185 101 -86 117 241 55 117 263 -148 185 241 -148 -432 
167 453 -146 213 453 -94 207 75 -146 207 -266 229 213 75 229 -482 
-8 -302 -494 71 -302 -6 -198 455 -494 -198 -144 -444 71 455 -444 -224 
-278 101 31 -240 101 303 425 -28 31 425 59 89 -240 -28 89 -270 
349 -412 -288 63 -412 -400 41 -14 -288 41 5 -44 63 -14 -44 211 
375 -284 -106 -258 -284 397 -394 159 -106 -394 123 415 -258 159 415 -96 
-322 -258 373 -376 -258 -396 -206 105 373 -206 295 387 -376 105 387 143 
141 139 -388 339 139 277 -372 -252 -388 -372 -396 -182 339 -252 -182 271 
85 29 -84 447 29 -368 439 499 -84 439 115 -22 447 499 -22 -242 
-212 207 131 -348 207 -454 471 -490 131 471 209 -458 -348 -490 -458 425 
227 -368 -464 55 -368 405 289 207 -464 289 355 -396 55 207 -396 323 
341 49 -134 -284 49 -426 -286 111 -134 -286 -322 369 -284 111 369 -258 
411 -300 -304 485 -300 3 -362 -108 -304 -362 -422 -40 485 -108 -40 401 
437 -12 347 419 -12 91 -148 -160 347 -148 405 425 419 -160 425 -90 
-330 281 -388 295 281 -138 411 -484 -388 411 147 155 295 -484 155 371 
-2 -100 261 217 -100 465 39 1 261 39 423 315 217 1 315 409 
53 -2 431 85 -2 89 307 -444 431 307 35 -264 85 -444 -264 -312 
127 -484 255 95 -484 385 449 -238 255 449 255 415 95 -238 415 241 
-56 109 19 327 109 -362 -248 279 19 -248 343 231 327 279 231 251 
251 -96 -498 479 -96 -138 -306 491 -498 -306 301 413 479 491 413 281 
451 469 -286 277 469 -142 41 355 -286 41 435 -158 277 355 -158 299 
461 -380 -374 -84 -380 -38 113 -156 -374 113 93 373 -84 -156 373 171 
31 -252 253 399 -252 123 -100 -36 253 -100 -100 -366 399 -36 -366 -192 
-46 -164 303 281 -164 -452 309 433 303 309 -222 -482 281 433 -482 89 
-242 -204 369 -440 -204 -136 65 305 369 65 -112 -172 -440 305 -172 -326 
455 125 -210 -156 125 -388 -146 -368 -210 -146 -114 413 -156 -368 413 -296 
-226 65 85 181 65 329 -256 -188 85 -256 -216 -338 181 -188 -338 -498 
415 499 -222 233 499 -468 129 143 -222 129 -416 -28 233 143 -28 161 
-290 -424 241 447 -424 347 219 81 241 219 -382 489 447 81 489 105 
403 249 -390 491 249 -168 45 317 -390 45 345 167 491 317 167 -270 
-38 -486 425 -202 -486 -182 95 -128 425 95 255 -396 -202 -128 -396 -220 
341 313 -46 -278 313 27 403 -224 -46 403 -186 -486 -278 -224 -486 365 
397 -368 -116 -218 -368 -344 -104 163 -116 -104 379 15 -218 163 15 -372 
343 307 217 -326 307 17 -180 57 217 -180 369 -36 -326 57 -36 -458 
-200 -122 -274 335 -122 -328 -414 -458 -274 -414 399 427 335 -458 427 -92 
421 -340 89 -36 -340 43 493 -146 89 493 21 -328 -36 -146 -328 -94 
-218 -302 443 -496 -302 27 217 85 443 217 403 -172 -496 85 -172 -276 
185 211 -66 -254 211 -354 -442 143 -66 -442 0 -150 -254 143 -150 -366 
209 -34 -398 0 -34 -182 -416 185 -398 -416 193 253 0 185 253 -424 
121 -248 111 275 -248 43 103 123 111 103 -116 223 275 123 223 285 
203 -212 117 -84 -212 469 307 -466 117 307 -104 -84 -84 -466 -84 381 
65 -372 -130 -60 -372 87 215 445 -130 215 493 121 -60 445 121 -342 
465 249 -158 -148 249 -266 -70 -496 -158 -70 193 203 -148 -496 203 467 
183 -460 -214 -444 -460 415 -214 -424 -214 -214 461 225 -444 -424 225 -200 
167 -272 249 317 -272 -218 313 -358 249 313 379 469 317 -358 469 -86 
475 -224 -246 187 -224 17 -282 71 -246 -282 -340 1 187 71 1 235 
125 273 447 -6 273 -388 417 243 447 417 -338 -184 -6 243 -184 457 
139 -94 -260 31 -94 253 165 237 -260 165 -390 471 31 237 471 27 
497 -460 -184 491 -460 99 491 -440 -184 491 -390 -106 491 -440 -106 413 
-498 223 -290 -62 223 125 221 495 -290 221 -446 -78 -62 495 -78 -254 
201 23 413 -98 23 -46 187 -478 413 187 -212 -418 -98 -478 -418 -482 
-184 -214 -356 19 -214 -458 127 -230 -356 127 401 -326 19 -230 -326 -392 
-266 -24 -44 255 -24 -102 119 -288 -44 119 -384 421 255 -288 421 -256 
135 -168 199 -410 -168 213 -8 135 199 -8 415 -62 -410 135 -62 -354 
-302 -234 115 -410 -234 263 -74 -92 115 -74 -484 381 -410 -92 381 -448 
-40 -424 301 281 -424 -202 293 -396 301 293 -20 401 281 -396 401 455 
479 -478 -14 7 -478 173 199 -66 -14 199 -68 485 7 -66 485 -24 
-264 87 129 -118 87 111 -102 -322 129 -102 -42 187 -118 -322 187 -442 
497 -188 -372 -338 -188 113 433 -348 -372 433 331 -50 -338 -348 -50 -96 
159 109 29 117 109 -324 -406 321 29 -406 189 225 117 321 225 -238 
409 469 381 239 469 107 129 413 381 129 -154 185 239 413 185 -50 
393 249 -294 -202 249 -8 -434 227 -294 -434 -172 207 -202 227 207 -496 
-442 -472 -150 -8 -472 319 121 483 -150 121 227 73 -8 483 73 205 
-144 -158 375 -144 -158 491 -434 -252 375 -434 483 -224 -144 -252 -224 -486 
463 331 401 253 331 455 -326 -96 401 -326 -228 251 253 -96 251 61 
-10 -480 153 27 -480 391 491 -252 153 491 309 -226 27 -252 -226 269 
-134 363 -130 221 363 167 49 17 -130 49 165 11 221 17 11 225 
-408 -162 -50 -24 -162 215 99 -170 -50 99 455 211 -24 -170 211 221 
-180 37 69 307 37 35 -166 -92 69 -166 -382 49 307 -92 49 -106 
-94 -324 -444 -70 -324 259 33 -456 -444 33 93 391 -70 -456 391 -22 
105 387 257 -498 387 -28 -446 -420 257 -446 297 129 -498 -420 129 -474 
89 359 -364 479 359 -472 369 -408 -364 369 317 163 479 -408 163 -222 
-318 183 177 -320 183 -178 -454 -464 177 -454 347 303 -320 -464 303 -324 
-126 163 491 -292 163 -492 -454 -30 491 -454 249 375 -292 -30 375 425 
493 291 -162 271 291 37 -140 -388 -162 -140 -354 363 271 -388 363 467 
-136 461 19 13 461 -106 285 -250 19 285 -204 -140 13 -250 -140 -472 
353 465 45 -306 465 -126 57 -296 45 57 -46 -380 -306 -296 -380 -296 
